8 0.6346153846153846 0.140625 0.16826923076923078 0.28125
8 0.4567307692307692 0.11778846153846154 0.14903846153846154 0.23557692307692307
8 0.25721153846153844 0.20793269230769232 0.14903846153846154 0.31009615384615385
8 0.38461538461538464 0.2932692307692308 0.1201923076923077 0.28365384615384615
8 0.5276442307692307 0.3112980769230769 0.15144230769230768 0.24759615384615385
8 0.6310096153846154 0.41466346153846156 0.15144230769230768 0.25721153846153844
8 0.4387019230769231 0.48197115384615385 0.16105769230769232 0.2668269230769231
8 0.25841346153846156 0.4543269230769231 0.1658653846153846 0.2403846153846154
8 0.2704326923076923 0.6983173076923077 0.20432692307692307 0.31009615384615385
8 0.4567307692307692 0.7704326923076923 0.18269230769230768 0.36778846153846156
8 0.6346153846153846 0.6995192307692307 0.1875 0.32211538461538464