11 0.25546875 0.4252953439888812 0.121875 0.23627519110493397
11 0.454296875 0.23974982626824184 0.11796875 0.207088255733148
11 0.5375 0.3439888811674774 0.1015625 0.21820708825573315
11 0.428125 0.4266851980542043 0.115625 0.2029186935371786
11 0.31171875 0.3015983321751216 0.1203125 0.2029186935371786
11 0.27578125 0.6289089645587214 0.1359375 0.2543432939541348
11 0.4640625 0.6011118832522585 0.13125 0.2599027102154274
11 0.598828125 0.5205003474635164 0.11953125 0.2543432939541348
11 0.723828125 0.39958304378040305 0.12421875 0.24600416956219598
11 0.630078125 0.2334954829742877 0.11484375 0.21125781792911744
11 0.7546875 0.5899930507296733 0.1234375 0.2432244614315497
11 0.676171875 0.7560806115357888 0.15078125 0.28908964558721334
11 0.517578125 0.8227936066712995 0.13671875 0.2501737317581654
11 0.36953125 0.8019457956914524 0.1375 0.2640722724113968