11 0.3268629671574179 0.24923828125 0.1906681766704417 0.144736328125
11 0.8018120045300113 0.4516796875 0.1665911664779162 0.19154296875
11 0.21355605889014723 0.355751953125 0.19414496036240092 0.226005859375
11 0.19252548131370328 0.5419921875 0.2297395243488109 0.185546875
11 0.24834654586636465 0.69615234375 0.24429218573046432 0.200888671875
11 0.43035107587768967 0.860771484375 0.2718006795016987 0.234375
11 0.6325821064552662 0.76380859375 0.23296715741789356 0.22740234375
11 0.4788901472253681 0.484794921875 0.20708946772366932 0.166015625
11 0.5249943374858437 0.133232421875 0.2119365798414496 0.185546875
11 0.6795016987542469 0.2587890625 0.2685617214043035 0.22181640625
11 0.7919479048697622 0.625 0.2184144960362401 0.239951171875