11 0.14177380952380952 0.108671875 0.1948095238095238 0.21164062499999997
11 0.3273809523809524 0.12215625000000001 0.18290476190476188 0.21023437500000003
11 0.49404761904761907 0.1150625 0.16991666666666666 0.18465625000000002
11 0.66775 0.11079687499999999 0.16666666666666666 0.207390625
11 0.8165595238095238 0.10725 0.15909523809523807 0.1661875
11 0.13798809523809524 0.33025000000000004 0.18505952380952378 0.26846875
11 0.31926190476190475 0.34871875 0.18398809523809526 0.21164062499999997
11 0.4913452380952381 0.33096875 0.1493452380952381 0.25568749999999996
11 0.661797619047619 0.29971875 0.19155952380952382 0.232953125
11 0.8403690476190476 0.300421875 0.18505952380952378 0.23153125000000002
11 0.10767857142857143 0.56746875 0.21536904761904763 0.26846875
11 0.31060714285714286 0.571734375 0.1948095238095238 0.27131249999999996
11 0.4989166666666666 0.586640625 0.18182142857142855 0.25851562499999997
11 0.6796547619047618 0.516328125 0.18614285714285717 0.214484375
11 0.8468571428571429 0.529828125 0.18290476190476188 0.22159374999999998
11 0.12825 0.841625 0.21970238095238095 0.26278125
11 0.3549761904761905 0.855109375 0.21645238095238095 0.28693749999999996
11 0.5806309523809524 0.8536875 0.1872261904761905 0.238640625
11 0.75 0.74715625 0.2424285714285714 0.230109375