11 0.1338720703125 0.2559706643658326 0.15869140625 0.29335634167385677
11 0.2644873046875 0.20491803278688525 0.1546240234375 0.32642795513373596
11 0.4207373046875 0.14883520276100087 0.1611328125 0.29767040552200175
11 0.56396484375 0.1797497842968076 0.1432275390625 0.3134857635893011
11 0.699462890625 0.20132010353753238 0.1375341796875 0.24446074201898188
11 0.8304833984375 0.27250215703192404 0.19775390625 0.35806729939603105
11 0.830078125 0.5184037963761864 0.166015625 0.33793787748058673
11 0.6791162109375 0.6233822260569456 0.1652001953125 0.3034253666954271
11 0.5049658203125 0.6478257118205349 0.1359033203125 0.2947972389991372
11 0.3267431640625 0.6176272648835203 0.1066064453125 0.37532355478861085
11 0.196533203125 0.4803019844693701 0.1212548828125 0.26747195858498707
11 0.39794921875 0.321397756686799 0.1595068359375 0.32642795513373596
11 0.54931640625 0.3968938740293356 0.1155615234375 0.26459879206212256