11 0.06144329896907217 0.521525 0.1228772258669166 0.3263875
11 0.15203373945641988 0.25138750000000004 0.24783505154639174 0.28333749999999996
11 0.3113589503280225 0.109725 0.2145173383317713 0.21945
11 0.37176194939081536 0.37083750000000004 0.24783505154639174 0.2638875
11 0.5425398313027179 0.1791625 0.2186785379568885 0.275
11 0.23638238050609184 0.621525 0.2936551077788191 0.3041625
11 0.47797563261480785 0.8013875 0.32073102155576383 0.39722499999999994
11 0.802352389878163 0.8055500000000001 0.3280224929709466 0.36945
11 0.6107497656982193 0.48472499999999996 0.26762886597938146 0.3333375
11 0.7440393626991565 0.26875 0.2072258669165886 0.2708375
11 0.8806091846298032 0.4736125 0.23878163074039363 0.34722499999999995